[[[99, 99, 99, 3, 99, 5, 99, 7, 8], [99, 99, 99, 3, 99, 5, 99, 7, 8], [99, 99, 2, 99, 4, 5, 99, 99, 8], [99, 99, 2, 99, 4, 5, 99, 99, 8]], 10]
[[[99, 99, 99, 3, 99, 5, 6, 99, 8], [99, 99, 99, 3, 4, 99, 99, 7, 8], [99, 99, 99, 3, 4, 99, 99, 7, 8], [99, 99, 2, 3, 99, 5, 99, 99, 8]], 4]
[[[99, 99, 99, 3, 99, 5, 6, 99, 8], [99, 99, 99, 3, 99, 5, 6, 99, 8], [99, 99, 99, 3, 4, 99, 99, 7, 8], [99, 1, 99, 99, 4, 5, 99, 99, 8]], 4]
[[[99, 99, 99, 3, 99, 5, 6, 99, 8], [99, 99, 99, 3, 99, 5, 6, 99, 8], [99, 99, 99, 3, 99, 5, 6, 99, 8], [99, 1, 99, 3, 99, 99, 6, 99, 8]], 4]
[[[99, 99, 99, 3, 4, 99, 99, 7, 8], [99, 99, 99, 3, 4, 99, 99, 7, 8], [99, 1, 99, 99, 99, 5, 99, 7, 8], [99, 99, 2, 99, 4, 5, 99, 99, 8]], 4]
[[[99, 99, 99, 3, 99, 5, 6, 99, 8], [99, 99, 2, 99, 99, 5, 99, 7, 8], [99, 1, 99, 99, 99, 5, 99, 7, 8], [99, 99, 2, 99, 4, 5, 99, 99, 8]], 4]
[[[99, 99, 99, 3, 99, 5, 6, 99, 8], [99, 99, 99, 3, 4, 99, 99, 7, 8], [99, 1, 99, 99, 99, 5, 99, 7, 8], [99, 99, 2, 3, 99, 99, 6, 99, 8]], 4]
[[[99, 99, 99, 3, 99, 5, 6, 99, 8], [99, 99, 99, 3, 99, 5, 6, 99, 8], [99, 1, 99, 99, 99, 5, 99, 7, 8], [99, 1, 99, 99, 4, 99, 6, 99, 8]], 4]
[[[99, 99, 99, 3, 4, 99, 99, 7, 8], [99, 99, 99, 3, 4, 99, 99, 7, 8], [99, 99, 2, 3, 99, 99, 99, 7, 8], [99, 99, 2, 3, 99, 99, 99, 7, 8]], 6]
[[[99, 99, 99, 3, 99, 5, 6, 99, 8], [99, 99, 2, 99, 99, 5, 99, 7, 8], [99, 99, 2, 3, 99, 99, 99, 7, 8], [99, 99, 2, 3, 99, 99, 99, 7, 8]], 4]
[[[99, 99, 99, 3, 99, 5, 6, 99, 8], [99, 99, 99, 3, 4, 99, 99, 7, 8], [99, 99, 2, 3, 99, 99, 99, 7, 8], [99, 1, 99, 99, 4, 99, 99, 7, 8]], 4]
[[[99, 99, 99, 3, 99, 5, 6, 99, 8], [99, 99, 99, 3, 99, 5, 6, 99, 8], [99, 1, 99, 99, 4, 99, 99, 7, 8], [99, 1, 99, 99, 4, 99, 99, 7, 8]], 4]
[[[99, 99, 99, 3, 4, 99, 99, 7, 8], [99, 99, 2, 99, 99, 5, 6, 99, 8], [99, 1, 99, 99, 99, 5, 99, 7, 8], [99, 99, 2, 3, 99, 99, 99, 7, 8]], 4]
[[[99, 99, 99, 3, 99, 5, 6, 99, 8], [99, 1, 99, 99, 99, 5, 99, 7, 8], [99, 1, 99, 99, 99, 5, 99, 7, 8], [99, 99, 2, 99, 4, 99, 6, 99, 8]], 4]
[[[99, 99, 99, 3, 99, 5, 6, 99, 8], [99, 99, 2, 99, 4, 99, 99, 7, 8], [99, 1, 99, 99, 99, 5, 99, 7, 8], [99, 99, 2, 3, 99, 99, 99, 7, 8]], 4]
[[[99, 99, 99, 3, 99, 5, 6, 99, 8], [99, 99, 2, 99, 99, 5, 6, 99, 8], [99, 1, 99, 99, 99, 5, 99, 7, 8], [99, 1, 99, 99, 4, 99, 99, 7, 8]], 4]
[[[99, 99, 2, 99, 4, 99, 99, 7, 8], [99, 99, 2, 99, 4, 99, 99, 7, 8], [99, 99, 2, 99, 4, 99, 99, 7, 8], [99, 99, 2, 99, 4, 99, 99, 7, 8]], 21]
[[[99, 99, 2, 99, 99, 5, 6, 99, 8], [99, 99, 2, 99, 99, 5, 6, 99, 8], [99, 1, 99, 99, 99, 5, 99, 7, 8], [99, 1, 99, 99, 99, 5, 99, 7, 8]], 4]
[[[99, 99, 99, 99, 4, 99, 6, 7, 8], [99, 99, 99, 99, 4, 99, 6, 7, 8], [99, 99, 99, 3, 4, 99, 99, 7, 8], [99, 1, 99, 3, 99, 99, 99, 7, 8], [99, 1, 99, 3, 99, 99, 99, 7, 8]], 8]
[[[99, 99, 99, 99, 4, 99, 6, 7, 8], [99, 99, 99, 99, 4, 99, 6, 7, 8], [99, 99, 2, 3, 99, 99, 99, 7, 8], [99, 1, 99, 99, 4, 99, 99, 7, 8], [99, 1, 99, 99, 4, 99, 99, 7, 8]], 8]
[[[99, 99, 99, 99, 4, 99, 6, 7, 8], [99, 99, 99, 99, 4, 5, 6, 99, 8], [99, 99, 99, 3, 4, 99, 99, 7, 8], [99, 99, 99, 3, 4, 99, 99, 7, 8], [99, 99, 2, 3, 99, 5, 99, 99, 8]], 4]
[[[99, 99, 99, 99, 4, 99, 6, 7, 8], [99, 99, 99, 99, 4, 5, 6, 99, 8], [99, 99, 99, 3, 99, 5, 6, 99, 8], [99, 99, 99, 3, 4, 99, 99, 7, 8], [99, 1, 99, 99, 4, 5, 99, 99, 8]], 4]
[[[99, 99, 99, 99, 4, 99, 6, 7, 8], [99, 99, 99, 99, 4, 5, 6, 99, 8], [99, 99, 99, 3, 99, 5, 6, 99, 8], [99, 99, 99, 3, 99, 5, 6, 99, 8], [99, 1, 99, 3, 99, 99, 6, 99, 8]], 4]
[[[99, 99, 99, 99, 4, 99, 6, 7, 8], [99, 99, 2, 99, 99, 99, 6, 7, 8], [99, 99, 99, 3, 99, 5, 6, 99, 8], [99, 1, 99, 99, 99, 5, 99, 7, 8], [99, 99, 2, 99, 4, 5, 99, 99, 8]], 4]
[[[99, 99, 99, 99, 4, 99, 6, 7, 8], [99, 99, 99, 99, 4, 5, 6, 99, 8], [99, 99, 2, 99, 99, 5, 99, 7, 8], [99, 1, 99, 99, 99, 5, 99, 7, 8], [99, 99, 2, 99, 4, 5, 99, 99, 8]], 4]
[[[99, 99, 99, 99, 4, 99, 6, 7, 8], [99, 99, 99, 99, 4, 5, 6, 99, 8], [99, 99, 99, 3, 4, 99, 99, 7, 8], [99, 1, 99, 99, 99, 5, 99, 7, 8], [99, 99, 2, 3, 99, 99, 6, 99, 8]], 4]
[[[99, 99, 99, 99, 4, 99, 6, 7, 8], [99, 99, 99, 99, 4, 5, 6, 99, 8], [99, 99, 99, 3, 99, 5, 6, 99, 8], [99, 1, 99, 99, 99, 5, 99, 7, 8], [99, 1, 99, 99, 4, 99, 6, 99, 8]], 4]
[[[99, 99, 99, 99, 4, 99, 6, 7, 8], [99, 99, 2, 99, 99, 99, 6, 7, 8], [99, 99, 99, 3, 99, 5, 6, 99, 8], [99, 99, 2, 3, 99, 99, 99, 7, 8], [99, 99, 2, 3, 99, 99, 99, 7, 8]], 4]
[[[99, 99, 99, 99, 4, 99, 6, 7, 8], [99, 99, 99, 99, 4, 5, 6, 99, 8], [99, 99, 2, 99, 99, 5, 99, 7, 8], [99, 99, 2, 3, 99, 99, 99, 7, 8], [99, 99, 2, 3, 99, 99, 99, 7, 8]], 4]
[[[99, 99, 99, 99, 4, 99, 6, 7, 8], [99, 99, 99, 99, 4, 5, 6, 99, 8], [99, 99, 99, 3, 4, 99, 99, 7, 8], [99, 99, 2, 3, 99, 99, 99, 7, 8], [99, 1, 99, 99, 4, 99, 99, 7, 8]], 4]
[[[99, 99, 99, 99, 4, 99, 6, 7, 8], [99, 99, 99, 99, 4, 5, 6, 99, 8], [99, 99, 99, 3, 99, 5, 6, 99, 8], [99, 1, 99, 99, 4, 99, 99, 7, 8], [99, 1, 99, 99, 4, 99, 99, 7, 8]], 4]
[[[99, 99, 99, 99, 4, 99, 6, 7, 8], [99, 99, 99, 99, 4, 5, 6, 99, 8], [99, 1, 99, 99, 99, 5, 99, 7, 8], [99, 1, 99, 99, 99, 5, 99, 7, 8], [99, 99, 2, 99, 4, 99, 6, 99, 8]], 4]
[[[99, 99, 99, 99, 4, 99, 6, 7, 8], [99, 99, 99, 99, 4, 5, 6, 99, 8], [99, 99, 2, 99, 4, 99, 99, 7, 8], [99, 1, 99, 99, 99, 5, 99, 7, 8], [99, 99, 2, 3, 99, 99, 99, 7, 8]], 4]
[[[99, 99, 99, 99, 4, 99, 6, 7, 8], [99, 99, 99, 99, 4, 5, 6, 99, 8], [99, 99, 2, 99, 99, 5, 6, 99, 8], [99, 1, 99, 99, 99, 5, 99, 7, 8], [99, 1, 99, 99, 4, 99, 99, 7, 8]], 4]
[[[99, 99, 99, 99, 4, 99, 6, 7, 8], [99, 99, 99, 3, 4, 99, 99, 7, 8], [99, 99, 99, 3, 4, 99, 99, 7, 8], [99, 1, 99, 99, 99, 99, 6, 7, 8], [99, 99, 2, 99, 4, 5, 99, 99, 8]], 4]
[[[99, 99, 99, 99, 4, 99, 6, 7, 8], [99, 99, 99, 3, 99, 5, 6, 99, 8], [99, 99, 2, 99, 99, 5, 99, 7, 8], [99, 1, 99, 99, 99, 99, 6, 7, 8], [99, 99, 2, 99, 4, 5, 99, 99, 8]], 4]
[[[99, 99, 99, 99, 4, 99, 6, 7, 8], [99, 99, 99, 3, 99, 5, 6, 99, 8], [99, 99, 99, 3, 4, 99, 99, 7, 8], [99, 1, 99, 99, 99, 99, 6, 7, 8], [99, 99, 2, 3, 99, 99, 6, 99, 8]], 4]
[[[99, 99, 99, 99, 4, 99, 6, 7, 8], [99, 99, 99, 3, 99, 5, 6, 99, 8], [99, 99, 99, 3, 99, 5, 6, 99, 8], [99, 1, 99, 99, 99, 99, 6, 7, 8], [99, 1, 99, 99, 4, 99, 6, 99, 8]], 4]
[[[99, 99, 99, 99, 4, 99, 6, 7, 8], [99, 99, 99, 3, 99, 5, 6, 99, 8], [99, 99, 99, 3, 99, 5, 6, 99, 8], [99, 99, 99, 3, 99, 5, 6, 99, 8], [99, 1, 99, 3, 99, 99, 99, 7, 8]], 4]
[[[99, 99, 99, 99, 4, 99, 6, 7, 8], [99, 99, 99, 3, 4, 99, 99, 7, 8], [99, 1, 99, 99, 99, 99, 6, 7, 8], [99, 99, 2, 99, 99, 5, 6, 99, 8], [99, 99, 2, 3, 99, 99, 99, 7, 8]], 4]
[[[99, 99, 99, 99, 4, 99, 6, 7, 8], [99, 99, 99, 3, 4, 99, 99, 7, 8], [99, 99, 99, 3, 4, 99, 99, 7, 8], [99, 1, 99, 99, 99, 5, 99, 7, 8], [99, 99, 99, 3, 4, 5, 99, 99, 8]], 4]
[[[99, 99, 99, 99, 4, 99, 6, 7, 8], [99, 99, 99, 3, 99, 5, 6, 99, 8], [99, 1, 99, 99, 99, 99, 6, 7, 8], [99, 1, 99, 99, 99, 5, 99, 7, 8], [99, 99, 2, 99, 4, 99, 6, 99, 8]], 4]
[[[99, 99, 99, 99, 4, 99, 6, 7, 8], [99, 99, 99, 3, 99, 5, 6, 99, 8], [99, 1, 99, 99, 99, 99, 6, 7, 8], [99, 99, 2, 99, 4, 99, 99, 7, 8], [99, 99, 2, 3, 99, 99, 99, 7, 8]], 4]
[[[99, 99, 99, 99, 4, 99, 6, 7, 8], [99, 99, 99, 3, 99, 5, 6, 99, 8], [99, 1, 99, 99, 99, 99, 6, 7, 8], [99, 99, 2, 99, 99, 5, 6, 99, 8], [99, 1, 99, 99, 4, 99, 99, 7, 8]], 4]
[[[99, 99, 99, 99, 4, 99, 6, 7, 8], [99, 99, 99, 3, 99, 5, 6, 99, 8], [99, 99, 2, 99, 99, 5, 99, 7, 8], [99, 1, 99, 99, 99, 5, 99, 7, 8], [99, 99, 99, 3, 4, 5, 99, 99, 8]], 4]
[[[99, 99, 99, 99, 4, 99, 6, 7, 8], [99, 99, 99, 3, 99, 5, 6, 99, 8], [99, 99, 99, 3, 4, 99, 99, 7, 8], [99, 1, 99, 99, 99, 5, 99, 7, 8], [99, 99, 2, 3, 99, 99, 99, 7, 8]], 6]
[[[99, 99, 99, 99, 4, 99, 6, 7, 8], [99, 99, 99, 3, 99, 5, 6, 99, 8], [99, 99, 99, 3, 99, 5, 6, 99, 8], [99, 1, 99, 99, 99, 5, 99, 7, 8], [99, 1, 99, 99, 4, 99, 99, 7, 8]], 6]
[[[99, 99, 99, 99, 4, 99, 6, 7, 8], [99, 99, 99, 3, 99, 5, 6, 99, 8], [99, 99, 99, 3, 99, 5, 6, 99, 8], [99, 1, 99, 99, 99, 5, 99, 7, 8], [99, 1, 99, 99, 99, 5, 6, 99, 8]], 4]
[[[99, 99, 99, 99, 4, 99, 6, 7, 8], [99, 1, 99, 99, 99, 99, 6, 7, 8], [99, 99, 2, 99, 99, 5, 6, 99, 8], [99, 99, 2, 99, 99, 5, 6, 99, 8], [99, 1, 99, 99, 99, 5, 99, 7, 8]], 4]
[[[99, 99, 99, 99, 4, 99, 6, 7, 8], [99, 99, 99, 3, 99, 5, 6, 99, 8], [99, 99, 2, 99, 99, 5, 6, 99, 8], [99, 1, 99, 99, 99, 5, 99, 7, 8], [99, 1, 99, 99, 99, 5, 99, 7, 8]], 6]
[[[99, 99, 99, 99, 4, 99, 6, 7, 8], [99, 99, 99, 3, 99, 5, 6, 99, 8], [99, 99, 99, 3, 4, 99, 6, 99, 8], [99, 1, 99, 99, 99, 5, 99, 7, 8], [99, 1, 99, 99, 99, 5, 99, 7, 8]], 4]
[[[99, 99, 99, 99, 4, 5, 99, 7, 8], [99, 99, 99, 99, 4, 5, 99, 7, 8], [99, 99, 99, 99, 4, 5, 99, 7, 8], [99, 99, 2, 99, 4, 5, 99, 99, 8], [99, 99, 2, 3, 99, 99, 6, 99, 8]], 6]
[[[99, 99, 99, 3, 99, 99, 6, 7, 8], [99, 99, 99, 99, 4, 5, 6, 99, 8], [99, 99, 99, 3, 4, 99, 99, 7, 8], [99, 1, 99, 99, 99, 5, 99, 7, 8], [99, 99, 2, 3, 99, 99, 99, 7, 8]], 4]
[[[99, 99, 99, 3, 99, 99, 6, 7, 8], [99, 99, 99, 99, 4, 5, 6, 99, 8], [99, 99, 99, 3, 99, 5, 6, 99, 8], [99, 1, 99, 99, 99, 5, 99, 7, 8], [99, 1, 99, 99, 4, 99, 99, 7, 8]], 4]
[[[99, 99, 99, 3, 99, 99, 6, 7, 8], [99, 99, 99, 99, 4, 5, 6, 99, 8], [99, 99, 2, 99, 99, 5, 6, 99, 8], [99, 1, 99, 99, 99, 5, 99, 7, 8], [99, 1, 99, 99, 99, 5, 99, 7, 8]], 4]
[[[99, 99, 99, 3, 99, 99, 6, 7, 8], [99, 99, 99, 3, 99, 5, 6, 99, 8], [99, 99, 99, 3, 4, 99, 99, 7, 8], [99, 1, 99, 99, 99, 99, 6, 7, 8], [99, 99, 2, 3, 99, 99, 99, 7, 8]], 4]
[[[99, 99, 99, 3, 99, 99, 6, 7, 8], [99, 99, 99, 3, 99, 5, 6, 99, 8], [99, 99, 99, 3, 99, 5, 6, 99, 8], [99, 1, 99, 99, 99, 99, 6, 7, 8], [99, 1, 99, 99, 4, 99, 99, 7, 8]], 4]
[[[99, 99, 99, 3, 99, 99, 6, 7, 8], [99, 99, 99, 3, 99, 5, 6, 99, 8], [99, 1, 99, 99, 99, 99, 6, 7, 8], [99, 99, 2, 99, 99, 5, 6, 99, 8], [99, 1, 99, 99, 99, 5, 99, 7, 8]], 4]
[[[99, 99, 99, 3, 99, 99, 6, 7, 8], [99, 99, 99, 3, 99, 5, 6, 99, 8], [99, 99, 99, 3, 99, 5, 6, 99, 8], [99, 1, 99, 99, 99, 5, 99, 7, 8], [99, 1, 99, 99, 99, 5, 99, 7, 8]], 6]
[[[99, 99, 99, 99, 4, 5, 99, 7, 8], [99, 99, 99, 3, 99, 5, 6, 99, 8], [99, 99, 99, 3, 99, 5, 6, 99, 8], [99, 1, 99, 99, 99, 5, 99, 7, 8], [99, 1, 99, 99, 99, 5, 99, 7, 8]], 4]
[[[99, 99, 2, 99, 99, 99, 6, 7, 8], [99, 99, 2, 99, 99, 99, 6, 7, 8], [99, 99, 2, 99, 99, 99, 6, 7, 8], [99, 99, 99, 3, 4, 99, 6, 99, 8], [99, 1, 99, 99, 99, 5, 6, 99, 8]], 6]
[[[99, 99, 99, 3, 99, 5, 99, 7, 8], [99, 99, 99, 3, 99, 5, 99, 7, 8], [99, 1, 99, 99, 99, 99, 6, 7, 8], [99, 1, 99, 99, 99, 99, 6, 7, 8], [99, 99, 2, 3, 99, 99, 99, 7, 8]], 8]
[[[99, 99, 99, 99, 4, 5, 6, 99, 8], [99, 99, 99, 3, 99, 5, 99, 7, 8], [99, 99, 99, 3, 99, 5, 6, 99, 8], [99, 1, 99, 99, 99, 5, 99, 7, 8], [99, 1, 99, 99, 99, 5, 99, 7, 8]], 4]
[[[99, 99, 2, 99, 99, 99, 6, 7, 8], [99, 99, 99, 3, 99, 5, 6, 99, 8], [99, 99, 99, 3, 99, 5, 6, 99, 8], [99, 99, 99, 3, 99, 5, 6, 99, 8], [99, 1, 99, 99, 99, 5, 99, 7, 8]], 6]
[[[99, 99, 99, 3, 99, 5, 99, 7, 8], [99, 1, 99, 99, 99, 99, 6, 7, 8], [99, 1, 99, 99, 99, 99, 6, 7, 8], [99, 1, 99, 99, 99, 99, 6, 7, 8], [99, 1, 99, 99, 99, 5, 99, 7, 8]], 6]
[[[99, 99, 99, 3, 99, 5, 99, 7, 8], [99, 99, 99, 3, 99, 5, 6, 99, 8], [99, 99, 99, 3, 99, 5, 6, 99, 8], [99, 1, 99, 99, 99, 99, 6, 7, 8], [99, 1, 99, 99, 99, 5, 99, 7, 8]], 4]
[[[99, 99, 99, 99, 4, 5, 6, 99, 8], [99, 99, 99, 3, 99, 5, 6, 99, 8], [99, 99, 99, 3, 4, 99, 99, 7, 8], [99, 99, 99, 3, 4, 99, 99, 7, 8], [99, 1, 99, 99, 99, 5, 99, 7, 8]], 6]
[[[99, 99, 99, 99, 4, 5, 6, 99, 8], [99, 99, 99, 3, 99, 5, 6, 99, 8], [99, 99, 99, 3, 99, 5, 6, 99, 8], [99, 99, 2, 99, 99, 5, 99, 7, 8], [99, 1, 99, 99, 99, 5, 99, 7, 8]], 6]
[[[99, 99, 2, 99, 99, 5, 99, 7, 8], [99, 99, 2, 99, 99, 5, 99, 7, 8], [99, 99, 2, 99, 99, 5, 99, 7, 8], [99, 99, 2, 99, 99, 5, 99, 7, 8], [99, 99, 2, 99, 99, 5, 99, 7, 8]], 108]
[[[99, 99, 99, 3, 99, 5, 6, 99, 8], [99, 99, 99, 3, 99, 5, 6, 99, 8], [99, 99, 99, 3, 4, 99, 99, 7, 8], [99, 99, 99, 3, 4, 99, 99, 7, 8], [99, 1, 99, 99, 99, 99, 6, 7, 8]], 6]
[[[99, 99, 99, 3, 99, 5, 6, 99, 8], [99, 99, 99, 3, 99, 5, 6, 99, 8], [99, 99, 99, 3, 99, 5, 6, 99, 8], [99, 99, 2, 99, 99, 5, 99, 7, 8], [99, 1, 99, 99, 99, 99, 6, 7, 8]], 6]
[[[99, 99, 99, 99, 4, 99, 6, 7, 8], [99, 99, 99, 99, 4, 99, 6, 7, 8], [99, 99, 99, 99, 4, 99, 6, 7, 8], [99, 99, 99, 99, 4, 99, 6, 7, 8], [99, 99, 2, 99, 99, 5, 99, 7, 8], [99, 1, 2, 3, 99, 99, 99, 99, 8]], 6]
[[[99, 99, 99, 99, 4, 99, 6, 7, 8], [99, 99, 99, 99, 4, 99, 6, 7, 8], [99, 99, 99, 99, 4, 99, 6, 7, 8], [99, 99, 99, 99, 4, 99, 6, 7, 8], [99, 99, 2, 99, 4, 99, 99, 7, 8], [99, 1, 2, 99, 4, 99, 99, 99, 8]], 6]
[[[99, 99, 99, 99, 4, 99, 6, 7, 8], [99, 99, 99, 99, 4, 99, 6, 7, 8], [99, 99, 99, 99, 4, 99, 6, 7, 8], [99, 99, 99, 99, 4, 99, 6, 7, 8], [99, 99, 2, 3, 99, 99, 99, 7, 8], [99, 1, 2, 99, 99, 5, 99, 99, 8]], 6]
[[[99, 99, 99, 99, 4, 99, 6, 7, 8], [99, 99, 99, 99, 4, 99, 6, 7, 8], [99, 99, 99, 99, 4, 99, 6, 7, 8], [99, 99, 99, 3, 99, 99, 6, 7, 8], [99, 99, 99, 3, 99, 5, 99, 7, 8], [99, 1, 2, 3, 99, 99, 99, 99, 8]], 6]
[[[99, 99, 99, 99, 4, 99, 6, 7, 8], [99, 99, 99, 99, 4, 99, 6, 7, 8], [99, 99, 99, 99, 4, 99, 6, 7, 8], [99, 99, 99, 99, 4, 5, 99, 7, 8], [99, 99, 2, 99, 99, 99, 6, 7, 8], [99, 1, 2, 3, 99, 99, 99, 99, 8]], 6]
[[[99, 99, 99, 99, 4, 99, 6, 7, 8], [99, 99, 99, 99, 4, 99, 6, 7, 8], [99, 99, 99, 99, 4, 99, 6, 7, 8], [99, 99, 99, 3, 99, 99, 6, 7, 8], [99, 99, 99, 3, 4, 99, 99, 7, 8], [99, 1, 2, 99, 4, 99, 99, 99, 8]], 6]
[[[99, 99, 99, 99, 4, 99, 6, 7, 8], [99, 99, 99, 99, 4, 99, 6, 7, 8], [99, 99, 99, 99, 4, 99, 6, 7, 8], [99, 99, 99, 3, 99, 5, 6, 99, 8], [99, 99, 99, 3, 4, 99, 99, 7, 8], [99, 99, 2, 3, 4, 99, 99, 99, 8]], 6]
[[[99, 99, 99, 99, 4, 99, 6, 7, 8], [99, 99, 99, 99, 4, 99, 6, 7, 8], [99, 99, 99, 99, 4, 5, 99, 7, 8], [99, 99, 99, 3, 99, 99, 6, 7, 8], [99, 99, 99, 3, 99, 99, 6, 7, 8], [99, 1, 2, 3, 99, 99, 99, 99, 8]], 6]
[[[99, 99, 99, 99, 4, 99, 6, 7, 8], [99, 99, 99, 99, 4, 99, 6, 7, 8], [99, 99, 99, 99, 4, 5, 6, 99, 8], [99, 99, 99, 99, 4, 5, 6, 99, 8], [99, 99, 99, 3, 4, 99, 99, 7, 8], [99, 1, 99, 99, 4, 5, 99, 99, 8]], 4]
[[[99, 99, 99, 99, 4, 99, 6, 7, 8], [99, 99, 99, 99, 4, 99, 6, 7, 8], [99, 99, 99, 99, 4, 5, 6, 99, 8], [99, 99, 99, 99, 4, 5, 6, 99, 8], [99, 99, 99, 3, 99, 5, 6, 99, 8], [99, 1, 99, 3, 99, 99, 6, 99, 8]], 4]
[[[99, 99, 99, 99, 4, 99, 6, 7, 8], [99, 99, 99, 99, 4, 99, 6, 7, 8], [99, 99, 99, 99, 4, 5, 6, 99, 8], [99, 99, 2, 99, 99, 99, 6, 7, 8], [99, 1, 99, 99, 99, 5, 99, 7, 8], [99, 99, 2, 99, 4, 5, 99, 99, 8]], 4]
[[[99, 99, 99, 99, 4, 99, 6, 7, 8], [99, 99, 99, 99, 4, 99, 6, 7, 8], [99, 99, 99, 99, 4, 5, 6, 99, 8], [99, 99, 99, 99, 4, 5, 6, 99, 8], [99, 1, 99, 99, 99, 5, 99, 7, 8], [99, 1, 99, 99, 4, 99, 6, 99, 8]], 4]
[[[99, 99, 99, 99, 4, 99, 6, 7, 8], [99, 99, 99, 99, 4, 99, 6, 7, 8], [99, 99, 99, 99, 4, 5, 6, 99, 8], [99, 99, 2, 99, 99, 99, 6, 7, 8], [99, 99, 2, 3, 99, 99, 99, 7, 8], [99, 99, 2, 3, 99, 99, 99, 7, 8]], 4]
[[[99, 99, 99, 99, 4, 99, 6, 7, 8], [99, 99, 99, 99, 4, 99, 6, 7, 8], [99, 99, 99, 99, 4, 5, 6, 99, 8], [99, 99, 99, 99, 4, 5, 6, 99, 8], [99, 1, 99, 99, 4, 99, 99, 7, 8], [99, 1, 99, 99, 4, 99, 99, 7, 8]], 4]
[[[99, 99, 99, 99, 4, 99, 6, 7, 8], [99, 99, 99, 99, 4, 99, 6, 7, 8], [99, 99, 2, 99, 99, 99, 6, 7, 8], [99, 99, 99, 3, 99, 5, 6, 99, 8], [99, 1, 99, 99, 99, 99, 6, 7, 8], [99, 99, 2, 99, 4, 5, 99, 99, 8]], 4]
[[[99, 99, 99, 99, 4, 99, 6, 7, 8], [99, 99, 99, 99, 4, 99, 6, 7, 8], [99, 99, 99, 99, 4, 5, 6, 99, 8], [99, 99, 2, 99, 99, 5, 99, 7, 8], [99, 1, 99, 99, 99, 99, 6, 7, 8], [99, 99, 2, 99, 4, 5, 99, 99, 8]], 4]
[[[99, 99, 99, 99, 4, 99, 6, 7, 8], [99, 99, 99, 99, 4, 99, 6, 7, 8], [99, 99, 99, 99, 4, 5, 6, 99, 8], [99, 99, 99, 3, 4, 99, 99, 7, 8], [99, 1, 99, 99, 99, 99, 6, 7, 8], [99, 99, 2, 3, 99, 99, 6, 99, 8]], 4]
[[[99, 99, 99, 99, 4, 99, 6, 7, 8], [99, 99, 99, 99, 4, 99, 6, 7, 8], [99, 99, 99, 99, 4, 5, 6, 99, 8], [99, 99, 99, 3, 99, 5, 6, 99, 8], [99, 1, 99, 99, 99, 99, 6, 7, 8], [99, 1, 99, 99, 4, 99, 6, 99, 8]], 4]
[[[99, 99, 99, 99, 4, 99, 6, 7, 8], [99, 99, 99, 99, 4, 99, 6, 7, 8], [99, 99, 99, 99, 4, 5, 6, 99, 8], [99, 99, 99, 3, 99, 5, 6, 99, 8], [99, 99, 99, 3, 99, 5, 6, 99, 8], [99, 1, 99, 3, 99, 99, 99, 7, 8]], 4]
[[[99, 99, 99, 99, 4, 99, 6, 7, 8], [99, 99, 99, 99, 4, 99, 6, 7, 8], [99, 99, 2, 99, 99, 99, 6, 7, 8], [99, 99, 99, 3, 99, 5, 6, 99, 8], [99, 1, 99, 99, 99, 5, 99, 7, 8], [99, 99, 99, 3, 4, 5, 99, 99, 8]], 4]
[[[99, 99, 99, 99, 4, 99, 6, 7, 8], [99, 99, 99, 99, 4, 99, 6, 7, 8], [99, 99, 99, 99, 4, 5, 6, 99, 8], [99, 1, 99, 99, 99, 99, 6, 7, 8], [99, 1, 99, 99, 99, 5, 99, 7, 8], [99, 99, 2, 99, 4, 99, 6, 99, 8]], 4]
[[[99, 99, 99, 99, 4, 99, 6, 7, 8], [99, 99, 99, 99, 4, 99, 6, 7, 8], [99, 99, 99, 99, 4, 5, 6, 99, 8], [99, 1, 99, 99, 99, 99, 6, 7, 8], [99, 99, 2, 99, 4, 99, 99, 7, 8], [99, 99, 2, 3, 99, 99, 99, 7, 8]], 4]
[[[99, 99, 99, 99, 4, 99, 6, 7, 8], [99, 99, 99, 99, 4, 99, 6, 7, 8], [99, 99, 99, 99, 4, 5, 6, 99, 8], [99, 1, 99, 99, 99, 99, 6, 7, 8], [99, 99, 2, 99, 99, 5, 6, 99, 8], [99, 1, 99, 99, 4, 99, 99, 7, 8]], 4]
[[[99, 99, 99, 99, 4, 99, 6, 7, 8], [99, 99, 99, 99, 4, 99, 6, 7, 8], [99, 99, 99, 99, 4, 5, 6, 99, 8], [99, 99, 2, 99, 99, 5, 99, 7, 8], [99, 1, 99, 99, 99, 5, 99, 7, 8], [99, 99, 99, 3, 4, 5, 99, 99, 8]], 4]
[[[99, 99, 99, 99, 4, 99, 6, 7, 8], [99, 99, 99, 99, 4, 99, 6, 7, 8], [99, 99, 99, 99, 4, 5, 6, 99, 8], [99, 99, 99, 3, 4, 99, 99, 7, 8], [99, 1, 99, 99, 99, 5, 99, 7, 8], [99, 99, 2, 3, 99, 99, 99, 7, 8]], 6]
[[[99, 99, 99, 99, 4, 99, 6, 7, 8], [99, 99, 99, 99, 4, 99, 6, 7, 8], [99, 99, 99, 99, 4, 5, 6, 99, 8], [99, 99, 99, 3, 99, 5, 6, 99, 8], [99, 1, 99, 99, 99, 5, 99, 7, 8], [99, 1, 99, 99, 4, 99, 99, 7, 8]], 6]
[[[99, 99, 99, 99, 4, 99, 6, 7, 8], [99, 99, 99, 99, 4, 99, 6, 7, 8], [99, 99, 99, 99, 4, 5, 6, 99, 8], [99, 99, 99, 3, 99, 5, 6, 99, 8], [99, 1, 99, 99, 99, 5, 99, 7, 8], [99, 1, 99, 99, 99, 5, 6, 99, 8]], 4]
[[[99, 99, 99, 99, 4, 99, 6, 7, 8], [99, 99, 99, 99, 4, 99, 6, 7, 8], [99, 99, 99, 99, 4, 5, 6, 99, 8], [99, 99, 2, 99, 99, 5, 6, 99, 8], [99, 1, 99, 99, 99, 5, 99, 7, 8], [99, 1, 99, 99, 99, 5, 99, 7, 8]], 6]
[[[99, 99, 99, 99, 4, 99, 6, 7, 8], [99, 99, 99, 99, 4, 99, 6, 7, 8], [99, 99, 99, 99, 4, 5, 6, 99, 8], [99, 99, 99, 3, 4, 99, 6, 99, 8], [99, 1, 99, 99, 99, 5, 99, 7, 8], [99, 1, 99, 99, 99, 5, 99, 7, 8]], 4]
[[[99, 99, 99, 99, 4, 99, 6, 7, 8], [99, 99, 99, 99, 4, 99, 6, 7, 8], [99, 99, 99, 3, 4, 99, 99, 7, 8], [99, 99, 99, 3, 4, 99, 99, 7, 8], [99, 1, 99, 99, 99, 99, 6, 7, 8], [99, 99, 99, 3, 4, 5, 99, 99, 8]], 4]
[[[99, 99, 99, 99, 4, 99, 6, 7, 8], [99, 99, 99, 99, 4, 99, 6, 7, 8], [99, 99, 99, 3, 99, 5, 6, 99, 8], [99, 1, 99, 99, 99, 99, 6, 7, 8], [99, 1, 99, 99, 99, 99, 6, 7, 8], [99, 99, 2, 99, 4, 99, 6, 99, 8]], 4]
[[[99, 99, 99, 99, 4, 99, 6, 7, 8], [99, 99, 99, 99, 4, 99, 6, 7, 8], [99, 99, 99, 3, 99, 5, 6, 99, 8], [99, 99, 2, 99, 99, 5, 99, 7, 8], [99, 1, 99, 99, 99, 99, 6, 7, 8], [99, 99, 99, 3, 4, 5, 99, 99, 8]], 4]
[[[99, 99, 99, 99, 4, 99, 6, 7, 8], [99, 99, 99, 99, 4, 99, 6, 7, 8], [99, 99, 99, 3, 99, 5, 6, 99, 8], [99, 99, 99, 3, 4, 99, 99, 7, 8], [99, 1, 99, 99, 99, 99, 6, 7, 8], [99, 99, 2, 3, 99, 99, 99, 7, 8]], 6]
[[[99, 99, 99, 99, 4, 99, 6, 7, 8], [99, 99, 99, 99, 4, 99, 6, 7, 8], [99, 99, 99, 3, 99, 5, 6, 99, 8], [99, 99, 99, 3, 99, 5, 6, 99, 8], [99, 1, 99, 99, 99, 99, 6, 7, 8], [99, 1, 99, 99, 4, 99, 99, 7, 8]], 6]
[[[99, 99, 99, 99, 4, 99, 6, 7, 8], [99, 99, 99, 99, 4, 99, 6, 7, 8], [99, 99, 99, 3, 99, 5, 6, 99, 8], [99, 99, 99, 3, 99, 5, 6, 99, 8], [99, 1, 99, 99, 99, 99, 6, 7, 8], [99, 1, 99, 99, 99, 5, 6, 99, 8]], 4]
[[[99, 99, 99, 99, 4, 99, 6, 7, 8], [99, 99, 99, 99, 4, 99, 6, 7, 8], [99, 1, 99, 99, 99, 99, 6, 7, 8], [99, 1, 99, 99, 99, 99, 6, 7, 8], [99, 99, 2, 99, 99, 5, 6, 99, 8], [99, 99, 2, 99, 99, 5, 6, 99, 8]], 4]
[[[99, 99, 99, 99, 4, 99, 6, 7, 8], [99, 99, 99, 99, 4, 99, 6, 7, 8], [99, 99, 99, 3, 99, 5, 6, 99, 8], [99, 1, 99, 99, 99, 99, 6, 7, 8], [99, 99, 2, 99, 99, 5, 6, 99, 8], [99, 1, 99, 99, 99, 5, 99, 7, 8]], 6]
[[[99, 99, 99, 99, 4, 99, 6, 7, 8], [99, 99, 99, 99, 4, 99, 6, 7, 8], [99, 99, 99, 3, 99, 5, 6, 99, 8], [99, 1, 99, 99, 99, 99, 6, 7, 8], [99, 99, 99, 3, 4, 99, 6, 99, 8], [99, 1, 99, 99, 99, 5, 99, 7, 8]], 4]
[[[99, 99, 99, 99, 4, 99, 6, 7, 8], [99, 99, 99, 99, 4, 99, 6, 7, 8], [99, 99, 99, 3, 99, 5, 6, 99, 8], [99, 99, 99, 3, 99, 5, 6, 99, 8], [99, 1, 99, 99, 99, 5, 99, 7, 8], [99, 1, 99, 99, 99, 5, 99, 7, 8]], 10]
[[[99, 99, 99, 99, 4, 99, 6, 7, 8], [99, 99, 99, 3, 99, 99, 6, 7, 8], [99, 99, 99, 99, 4, 5, 6, 99, 8], [99, 99, 99, 99, 4, 5, 6, 99, 8], [99, 1, 99, 99, 99, 5, 99, 7, 8], [99, 1, 99, 99, 4, 99, 99, 7, 8]], 4]
[[[99, 99, 99, 99, 4, 99, 6, 7, 8], [99, 99, 99, 3, 99, 99, 6, 7, 8], [99, 99, 99, 99, 4, 5, 6, 99, 8], [99, 99, 99, 3, 4, 99, 99, 7, 8], [99, 1, 99, 99, 99, 99, 6, 7, 8], [99, 99, 2, 3, 99, 99, 99, 7, 8]], 4]
[[[99, 99, 99, 99, 4, 99, 6, 7, 8], [99, 99, 99, 3, 99, 99, 6, 7, 8], [99, 99, 99, 99, 4, 5, 6, 99, 8], [99, 99, 99, 3, 99, 5, 6, 99, 8], [99, 1, 99, 99, 99, 99, 6, 7, 8], [99, 1, 99, 99, 4, 99, 99, 7, 8]], 4]
[[[99, 99, 99, 99, 4, 99, 6, 7, 8], [99, 99, 99, 3, 99, 99, 6, 7, 8], [99, 99, 99, 99, 4, 5, 6, 99, 8], [99, 1, 99, 99, 99, 99, 6, 7, 8], [99, 99, 2, 99, 99, 5, 6, 99, 8], [99, 1, 99, 99, 99, 5, 99, 7, 8]], 4]
[[[99, 99, 99, 99, 4, 99, 6, 7, 8], [99, 99, 99, 3, 99, 99, 6, 7, 8], [99, 99, 99, 99, 4, 5, 6, 99, 8], [99, 99, 99, 3, 99, 5, 6, 99, 8], [99, 1, 99, 99, 99, 5, 99, 7, 8], [99, 1, 99, 99, 99, 5, 99, 7, 8]], 6]
[[[99, 99, 99, 99, 4, 99, 6, 7, 8], [99, 99, 99, 99, 4, 5, 99, 7, 8], [99, 99, 99, 99, 4, 5, 6, 99, 8], [99, 99, 99, 3, 99, 5, 6, 99, 8], [99, 1, 99, 99, 99, 5, 99, 7, 8], [99, 1, 99, 99, 99, 5, 99, 7, 8]], 4]
[[[99, 99, 99, 99, 4, 99, 6, 7, 8], [99, 99, 99, 3, 99, 99, 6, 7, 8], [99, 99, 99, 3, 99, 5, 6, 99, 8], [99, 1, 99, 99, 99, 99, 6, 7, 8], [99, 1, 99, 99, 99, 99, 6, 7, 8], [99, 99, 2, 99, 99, 5, 6, 99, 8]], 4]
[[[99, 99, 99, 99, 4, 99, 6, 7, 8], [99, 99, 99, 3, 99, 99, 6, 7, 8], [99, 99, 99, 3, 99, 5, 6, 99, 8], [99, 99, 99, 3, 99, 5, 6, 99, 8], [99, 1, 99, 99, 99, 99, 6, 7, 8], [99, 1, 99, 99, 99, 5, 99, 7, 8]], 6]
[[[99, 99, 99, 99, 4, 99, 6, 7, 8], [99, 99, 99, 99, 4, 5, 99, 7, 8], [99, 99, 99, 3, 99, 5, 6, 99, 8], [99, 99, 99, 3, 99, 5, 6, 99, 8], [99, 1, 99, 99, 99, 99, 6, 7, 8], [99, 1, 99, 99, 99, 5, 99, 7, 8]], 4]
[[[99, 99, 99, 99, 4, 99, 6, 7, 8], [99, 99, 99, 99, 4, 5, 6, 99, 8], [99, 99, 99, 99, 4, 5, 6, 99, 8], [99, 99, 99, 3, 99, 5, 99, 7, 8], [99, 1, 99, 99, 99, 5, 99, 7, 8], [99, 1, 99, 99, 99, 5, 99, 7, 8]], 4]
[[[99, 99, 99, 99, 4, 99, 6, 7, 8], [99, 99, 99, 99, 4, 5, 6, 99, 8], [99, 99, 2, 99, 99, 99, 6, 7, 8], [99, 99, 99, 3, 99, 5, 6, 99, 8], [99, 99, 99, 3, 99, 5, 6, 99, 8], [99, 1, 99, 99, 99, 5, 99, 7, 8]], 6]
[[[99, 99, 99, 99, 4, 99, 6, 7, 8], [99, 99, 99, 99, 4, 5, 6, 99, 8], [99, 99, 99, 3, 99, 5, 99, 7, 8], [99, 99, 99, 3, 99, 5, 6, 99, 8], [99, 1, 99, 99, 99, 99, 6, 7, 8], [99, 1, 99, 99, 99, 5, 99, 7, 8]], 4]
[[[99, 99, 99, 99, 4, 99, 6, 7, 8], [99, 99, 99, 99, 4, 5, 6, 99, 8], [99, 99, 99, 99, 4, 5, 6, 99, 8], [99, 99, 99, 3, 4, 99, 99, 7, 8], [99, 99, 99, 3, 4, 99, 99, 7, 8], [99, 1, 99, 99, 99, 5, 99, 7, 8]], 6]
[[[99, 99, 99, 99, 4, 99, 6, 7, 8], [99, 99, 99, 99, 4, 5, 6, 99, 8], [99, 99, 99, 99, 4, 5, 6, 99, 8], [99, 99, 99, 3, 99, 5, 6, 99, 8], [99, 99, 2, 99, 99, 5, 99, 7, 8], [99, 1, 99, 99, 99, 5, 99, 7, 8]], 6]
[[[99, 99, 99, 99, 4, 99, 6, 7, 8], [99, 99, 2, 99, 99, 99, 6, 7, 8], [99, 99, 99, 3, 99, 5, 6, 99, 8], [99, 99, 99, 3, 99, 5, 6, 99, 8], [99, 99, 99, 3, 99, 5, 6, 99, 8], [99, 1, 99, 99, 99, 99, 6, 7, 8]], 6]
[[[99, 99, 99, 99, 4, 99, 6, 7, 8], [99, 99, 99, 3, 99, 5, 99, 7, 8], [99, 99, 99, 3, 99, 5, 6, 99, 8], [99, 99, 99, 3, 99, 5, 6, 99, 8], [99, 1, 99, 99, 99, 99, 6, 7, 8], [99, 1, 99, 99, 99, 99, 6, 7, 8]], 4]
[[[99, 99, 99, 99, 4, 99, 6, 7, 8], [99, 99, 99, 99, 4, 5, 6, 99, 8], [99, 99, 99, 3, 99, 5, 6, 99, 8], [99, 99, 99, 3, 4, 99, 99, 7, 8], [99, 99, 99, 3, 4, 99, 99, 7, 8], [99, 1, 99, 99, 99, 99, 6, 7, 8]], 6]
[[[99, 99, 99, 99, 4, 99, 6, 7, 8], [99, 99, 99, 99, 4, 5, 6, 99, 8], [99, 99, 99, 3, 99, 5, 6, 99, 8], [99, 99, 99, 3, 99, 5, 6, 99, 8], [99, 99, 2, 99, 99, 5, 99, 7, 8], [99, 1, 99, 99, 99, 99, 6, 7, 8]], 6]
[[[99, 99, 99, 99, 4, 5, 99, 7, 8], [99, 99, 99, 99, 4, 5, 99, 7, 8], [99, 99, 99, 99, 4, 5, 99, 7, 8], [99, 99, 99, 99, 4, 5, 99, 7, 8], [99, 99, 99, 99, 4, 5, 99, 7, 8], [99, 1, 2, 99, 99, 5, 99, 99, 8]], 6]
[[[99, 99, 99, 99, 4, 5, 99, 7, 8], [99, 99, 99, 3, 99, 99, 6, 7, 8], [99, 99, 99, 3, 99, 99, 6, 7, 8], [99, 99, 99, 3, 99, 99, 6, 7, 8], [99, 99, 2, 99, 99, 99, 6, 7, 8], [99, 99, 2, 3, 4, 99, 99, 99, 8]], 6]
[[[99, 99, 99, 99, 4, 5, 99, 7, 8], [99, 99, 99, 99, 4, 5, 99, 7, 8], [99, 99, 99, 99, 4, 5, 99, 7, 8], [99, 99, 99, 99, 4, 5, 99, 7, 8], [99, 99, 2, 99, 99, 99, 6, 7, 8], [99, 1, 2, 99, 99, 99, 6, 99, 8]], 6]
[[[99, 99, 99, 99, 4, 5, 99, 7, 8], [99, 99, 99, 99, 4, 5, 99, 7, 8], [99, 99, 99, 99, 4, 5, 99, 7, 8], [99, 99, 99, 3, 99, 99, 6, 7, 8], [99, 99, 99, 3, 4, 99, 99, 7, 8], [99, 1, 2, 99, 99, 99, 99, 7, 8]], 6]
[[[99, 99, 99, 99, 4, 5, 99, 7, 8], [99, 99, 99, 99, 4, 5, 99, 7, 8], [99, 99, 99, 99, 4, 5, 99, 7, 8], [99, 99, 99, 99, 4, 5, 99, 7, 8], [99, 99, 2, 99, 99, 5, 99, 7, 8], [99, 1, 2, 99, 99, 99, 99, 7, 8]], 6]
[[[99, 99, 99, 99, 4, 5, 99, 7, 8], [99, 99, 99, 99, 4, 5, 99, 7, 8], [99, 99, 99, 99, 4, 5, 99, 7, 8], [99, 99, 99, 99, 4, 5, 99, 7, 8], [99, 99, 99, 3, 4, 5, 99, 99, 8], [99, 99, 2, 3, 99, 99, 99, 7, 8]], 6]
[[[99, 99, 99, 99, 4, 5, 99, 7, 8], [99, 99, 99, 99, 4, 5, 99, 7, 8], [99, 99, 99, 99, 4, 5, 99, 7, 8], [99, 99, 99, 3, 99, 5, 99, 7, 8], [99, 99, 2, 99, 99, 99, 6, 7, 8], [99, 1, 2, 99, 99, 99, 99, 7, 8]], 6]
[[[99, 99, 99, 3, 99, 99, 6, 7, 8], [99, 99, 99, 3, 99, 99, 6, 7, 8], [99, 99, 99, 99, 4, 5, 6, 99, 8], [99, 99, 99, 99, 4, 5, 6, 99, 8], [99, 1, 99, 99, 99, 5, 99, 7, 8], [99, 1, 99, 99, 99, 5, 99, 7, 8]], 4]
[[[99, 99, 99, 3, 99, 99, 6, 7, 8], [99, 99, 99, 3, 99, 99, 6, 7, 8], [99, 99, 99, 99, 4, 5, 6, 99, 8], [99, 99, 99, 3, 99, 5, 6, 99, 8], [99, 1, 99, 99, 99, 99, 6, 7, 8], [99, 1, 99, 99, 99, 5, 99, 7, 8]], 4]
[[[99, 99, 99, 3, 99, 99, 6, 7, 8], [99, 99, 99, 3, 99, 99, 6, 7, 8], [99, 99, 99, 3, 99, 5, 6, 99, 8], [99, 99, 99, 3, 99, 5, 6, 99, 8], [99, 1, 99, 99, 99, 99, 6, 7, 8], [99, 1, 99, 99, 99, 99, 6, 7, 8]], 4]
[[[99, 99, 99, 99, 4, 5, 99, 7, 8], [99, 99, 99, 3, 99, 99, 6, 7, 8], [99, 1, 99, 99, 99, 99, 6, 7, 8], [99, 1, 99, 99, 99, 99, 6, 7, 8], [99, 1, 99, 99, 99, 99, 6, 7, 8], [99, 1, 99, 99, 99, 99, 6, 7, 8]], 6]
[[[99, 99, 99, 99, 4, 5, 99, 7, 8], [99, 99, 2, 99, 99, 99, 6, 7, 8], [99, 99, 2, 99, 99, 99, 6, 7, 8], [99, 99, 2, 99, 99, 99, 6, 7, 8], [99, 99, 2, 99, 99, 99, 6, 7, 8], [99, 99, 99, 3, 4, 5, 99, 99, 8]], 6]
[[[99, 99, 99, 99, 4, 5, 99, 7, 8], [99, 99, 99, 99, 4, 5, 6, 99, 8], [99, 99, 99, 99, 4, 5, 6, 99, 8], [99, 99, 99, 99, 4, 5, 6, 99, 8], [99, 99, 2, 99, 99, 99, 6, 7, 8], [99, 99, 99, 3, 4, 5, 99, 99, 8]], 6]
[[[99, 99, 99, 99, 4, 5, 99, 7, 8], [99, 99, 2, 99, 99, 99, 6, 7, 8], [99, 99, 2, 99, 99, 99, 6, 7, 8], [99, 1, 99, 99, 99, 99, 6, 7, 8], [99, 1, 99, 99, 99, 99, 6, 7, 8], [99, 1, 99, 99, 99, 99, 6, 7, 8]], 6]
[[[99, 99, 99, 99, 4, 5, 6, 99, 8], [99, 99, 99, 99, 4, 5, 6, 99, 8], [99, 99, 99, 99, 4, 5, 6, 99, 8], [99, 99, 99, 99, 4, 5, 6, 99, 8], [99, 99, 2, 99, 99, 99, 6, 7, 8], [99, 99, 99, 3, 4, 99, 6, 99, 8]], 6]
[[[99, 99, 99, 99, 4, 5, 6, 99, 8], [99, 99, 99, 99, 4, 5, 6, 99, 8], [99, 99, 99, 99, 4, 5, 6, 99, 8], [99, 99, 99, 99, 4, 5, 6, 99, 8], [99, 99, 99, 99, 4, 5, 6, 99, 8], [99, 99, 2, 99, 99, 5, 6, 99, 8]], 6]
[[[99, 99, 99, 99, 4, 5, 6, 99, 8], [99, 99, 99, 99, 4, 5, 6, 99, 8], [99, 99, 99, 99, 4, 5, 6, 99, 8], [99, 99, 2, 99, 99, 99, 6, 7, 8], [99, 99, 99, 3, 99, 5, 6, 99, 8], [99, 99, 99, 3, 4, 99, 99, 7, 8]], 6]
[[[99, 99, 99, 99, 4, 5, 6, 99, 8], [99, 99, 99, 99, 4, 5, 6, 99, 8], [99, 99, 99, 99, 4, 5, 6, 99, 8], [99, 99, 99, 99, 4, 5, 6, 99, 8], [99, 99, 99, 3, 4, 99, 99, 7, 8], [99, 99, 2, 99, 99, 5, 99, 7, 8]], 6]
[[[99, 99, 99, 99, 4, 99, 6, 7, 8], [99, 99, 99, 99, 4, 99, 6, 7, 8], [99, 99, 99, 99, 4, 99, 6, 7, 8], [99, 99, 99, 99, 4, 99, 6, 7, 8], [99, 99, 99, 99, 4, 99, 6, 7, 8], [99, 99, 2, 99, 99, 99, 6, 7, 8], [99, 1, 2, 3, 99, 99, 99, 99, 8]], 10]
[[[99, 99, 99, 99, 4, 99, 6, 7, 8], [99, 99, 99, 99, 4, 99, 6, 7, 8], [99, 99, 99, 99, 4, 99, 6, 7, 8], [99, 99, 99, 99, 4, 99, 6, 7, 8], [99, 99, 99, 99, 4, 99, 6, 7, 8], [99, 99, 99, 3, 99, 5, 99, 7, 8], [99, 1, 2, 3, 99, 99, 99, 99, 8]], 10]
[[[99, 99, 99, 99, 4, 99, 6, 7, 8], [99, 99, 99, 99, 4, 99, 6, 7, 8], [99, 99, 99, 99, 4, 99, 6, 7, 8], [99, 99, 99, 99, 4, 99, 6, 7, 8], [99, 99, 99, 99, 4, 99, 6, 7, 8], [99, 99, 99, 3, 4, 99, 99, 7, 8], [99, 1, 2, 99, 4, 99, 99, 99, 8]], 10]
[[[99, 99, 99, 99, 4, 99, 6, 7, 8], [99, 99, 99, 99, 4, 99, 6, 7, 8], [99, 99, 99, 99, 4, 99, 6, 7, 8], [99, 99, 99, 99, 4, 99, 6, 7, 8], [99, 99, 99, 3, 99, 99, 6, 7, 8], [99, 99, 99, 3, 99, 99, 6, 7, 8], [99, 1, 2, 3, 99, 99, 99, 99, 8]], 10]
[[[99, 99, 99, 99, 4, 99, 6, 7, 8], [99, 99, 99, 99, 4, 99, 6, 7, 8], [99, 99, 99, 99, 4, 99, 6, 7, 8], [99, 99, 99, 99, 4, 99, 6, 7, 8], [99, 99, 99, 99, 4, 5, 99, 7, 8], [99, 99, 99, 3, 99, 99, 6, 7, 8], [99, 1, 2, 3, 99, 99, 99, 99, 8]], 10]
[[[99, 99, 99, 99, 4, 99, 6, 7, 8], [99, 99, 99, 99, 4, 99, 6, 7, 8], [99, 99, 99, 99, 4, 99, 6, 7, 8], [99, 99, 99, 99, 4, 99, 6, 7, 8], [99, 99, 99, 99, 4, 5, 6, 99, 8], [99, 99, 99, 3, 4, 99, 99, 7, 8], [99, 99, 2, 3, 4, 99, 99, 99, 8]], 6]
[[[99, 99, 99, 99, 4, 99, 6, 7, 8], [99, 99, 99, 99, 4, 99, 6, 7, 8], [99, 99, 99, 99, 4, 99, 6, 7, 8], [99, 99, 99, 99, 4, 99, 6, 7, 8], [99, 99, 99, 3, 4, 99, 99, 7, 8], [99, 99, 2, 3, 99, 99, 99, 7, 8], [99, 99, 2, 3, 99, 99, 99, 7, 8]], 32]
[[[99, 99, 99, 99, 4, 99, 6, 7, 8], [99, 99, 99, 99, 4, 99, 6, 7, 8], [99, 99, 99, 99, 4, 99, 6, 7, 8], [99, 99, 99, 99, 4, 5, 6, 99, 8], [99, 99, 99, 99, 4, 5, 6, 99, 8], [99, 99, 99, 99, 4, 5, 6, 99, 8], [99, 1, 99, 3, 99, 99, 6, 99, 8]], 4]
[[[99, 99, 99, 99, 4, 99, 6, 7, 8], [99, 99, 99, 99, 4, 99, 6, 7, 8], [99, 99, 99, 99, 4, 99, 6, 7, 8], [99, 99, 99, 99, 4, 5, 6, 99, 8], [99, 99, 2, 99, 99, 99, 6, 7, 8], [99, 1, 99, 99, 99, 99, 6, 7, 8], [99, 99, 2, 99, 4, 5, 99, 99, 8]], 4]
[[[99, 99, 99, 99, 4, 99, 6, 7, 8], [99, 99, 99, 99, 4, 99, 6, 7, 8], [99, 99, 99, 99, 4, 99, 6, 7, 8], [99, 99, 99, 99, 4, 5, 6, 99, 8], [99, 99, 99, 99, 4, 5, 6, 99, 8], [99, 1, 99, 99, 99, 99, 6, 7, 8], [99, 1, 99, 99, 4, 99, 6, 99, 8]], 4]
[[[99, 99, 99, 99, 4, 99, 6, 7, 8], [99, 99, 99, 99, 4, 99, 6, 7, 8], [99, 99, 99, 99, 4, 99, 6, 7, 8], [99, 99, 99, 99, 4, 5, 6, 99, 8], [99, 99, 99, 99, 4, 5, 6, 99, 8], [99, 99, 99, 3, 99, 5, 6, 99, 8], [99, 1, 99, 3, 99, 99, 99, 7, 8]], 4]
[[[99, 99, 99, 99, 4, 99, 6, 7, 8], [99, 99, 99, 99, 4, 99, 6, 7, 8], [99, 99, 99, 99, 4, 99, 6, 7, 8], [99, 99, 99, 99, 4, 5, 6, 99, 8], [99, 99, 2, 99, 99, 99, 6, 7, 8], [99, 1, 99, 99, 99, 5, 99, 7, 8], [99, 99, 99, 3, 4, 5, 99, 99, 8]], 4]
[[[99, 99, 99, 99, 4, 99, 6, 7, 8], [99, 99, 99, 99, 4, 99, 6, 7, 8], [99, 99, 99, 99, 4, 99, 6, 7, 8], [99, 99, 99, 99, 4, 5, 6, 99, 8], [99, 99, 99, 99, 4, 5, 6, 99, 8], [99, 1, 99, 99, 99, 5, 99, 7, 8], [99, 1, 99, 99, 4, 99, 99, 7, 8]], 6]
[[[99, 99, 99, 99, 4, 99, 6, 7, 8], [99, 99, 99, 99, 4, 99, 6, 7, 8], [99, 99, 99, 99, 4, 99, 6, 7, 8], [99, 99, 99, 99, 4, 5, 6, 99, 8], [99, 99, 99, 99, 4, 5, 6, 99, 8], [99, 1, 99, 99, 99, 5, 99, 7, 8], [99, 1, 99, 99, 99, 5, 6, 99, 8]], 4]
[[[99, 99, 99, 99, 4, 99, 6, 7, 8], [99, 99, 99, 99, 4, 99, 6, 7, 8], [99, 99, 99, 99, 4, 99, 6, 7, 8], [99, 99, 2, 99, 99, 99, 6, 7, 8], [99, 99, 99, 3, 99, 5, 6, 99, 8], [99, 1, 99, 99, 99, 99, 6, 7, 8], [99, 99, 99, 3, 4, 5, 99, 99, 8]], 4]
[[[99, 99, 99, 99, 4, 99, 6, 7, 8], [99, 99, 99, 99, 4, 99, 6, 7, 8], [99, 99, 99, 99, 4, 99, 6, 7, 8], [99, 99, 99, 99, 4, 5, 6, 99, 8], [99, 1, 99, 99, 99, 99, 6, 7, 8], [99, 1, 99, 99, 99, 99, 6, 7, 8], [99, 99, 2, 99, 4, 99, 6, 99, 8]], 4]
[[[99, 99, 99, 99, 4, 99, 6, 7, 8], [99, 99, 99, 99, 4, 99, 6, 7, 8], [99, 99, 99, 99, 4, 99, 6, 7, 8], [99, 99, 99, 99, 4, 5, 6, 99, 8], [99, 99, 2, 99, 99, 5, 99, 7, 8], [99, 1, 99, 99, 99, 99, 6, 7, 8], [99, 99, 99, 3, 4, 5, 99, 99, 8]], 4]
[[[99, 99, 99, 99, 4, 99, 6, 7, 8], [99, 99, 99, 99, 4, 99, 6, 7, 8], [99, 99, 99, 99, 4, 99, 6, 7, 8], [99, 99, 99, 99, 4, 5, 6, 99, 8], [99, 99, 99, 3, 4, 99, 99, 7, 8], [99, 1, 99, 99, 99, 99, 6, 7, 8], [99, 99, 2, 3, 99, 99, 99, 7, 8]], 6]
[[[99, 99, 99, 99, 4, 99, 6, 7, 8], [99, 99, 99, 99, 4, 99, 6, 7, 8], [99, 99, 99, 99, 4, 99, 6, 7, 8], [99, 99, 99, 99, 4, 5, 6, 99, 8], [99, 99, 99, 3, 99, 5, 6, 99, 8], [99, 1, 99, 99, 99, 99, 6, 7, 8], [99, 1, 99, 99, 4, 99, 99, 7, 8]], 6]
[[[99, 99, 99, 99, 4, 99, 6, 7, 8], [99, 99, 99, 99, 4, 99, 6, 7, 8], [99, 99, 99, 99, 4, 99, 6, 7, 8], [99, 99, 99, 99, 4, 5, 6, 99, 8], [99, 99, 99, 3, 99, 5, 6, 99, 8], [99, 1, 99, 99, 99, 99, 6, 7, 8], [99, 1, 99, 99, 99, 5, 6, 99, 8]], 4]
[[[99, 99, 99, 99, 4, 99, 6, 7, 8], [99, 99, 99, 99, 4, 99, 6, 7, 8], [99, 99, 99, 99, 4, 99, 6, 7, 8], [99, 99, 99, 99, 4, 5, 6, 99, 8], [99, 1, 99, 99, 99, 99, 6, 7, 8], [99, 99, 2, 99, 99, 5, 6, 99, 8], [99, 1, 99, 99, 99, 5, 99, 7, 8]], 6]
[[[99, 99, 99, 99, 4, 99, 6, 7, 8], [99, 99, 99, 99, 4, 99, 6, 7, 8], [99, 99, 99, 99, 4, 99, 6, 7, 8], [99, 99, 99, 99, 4, 5, 6, 99, 8], [99, 1, 99, 99, 99, 99, 6, 7, 8], [99, 99, 99, 3, 4, 99, 6, 99, 8], [99, 1, 99, 99, 99, 5, 99, 7, 8]], 4]
[[[99, 99, 99, 99, 4, 99, 6, 7, 8], [99, 99, 99, 99, 4, 99, 6, 7, 8], [99, 99, 99, 99, 4, 99, 6, 7, 8], [99, 99, 99, 99, 4, 5, 6, 99, 8], [99, 99, 99, 3, 99, 5, 6, 99, 8], [99, 1, 99, 99, 99, 5, 99, 7, 8], [99, 1, 99, 99, 99, 5, 99, 7, 8]], 10]
[[[99, 99, 99, 99, 4, 99, 6, 7, 8], [99, 99, 99, 99, 4, 99, 6, 7, 8], [99, 99, 99, 99, 4, 99, 6, 7, 8], [99, 99, 99, 3, 99, 5, 6, 99, 8], [99, 1, 99, 99, 99, 99, 6, 7, 8], [99, 1, 99, 99, 99, 99, 6, 7, 8], [99, 99, 2, 99, 99, 5, 6, 99, 8]], 6]
[[[99, 99, 99, 99, 4, 99, 6, 7, 8], [99, 99, 99, 99, 4, 99, 6, 7, 8], [99, 99, 99, 99, 4, 99, 6, 7, 8], [99, 99, 99, 3, 99, 5, 6, 99, 8], [99, 1, 99, 99, 99, 99, 6, 7, 8], [99, 1, 99, 99, 99, 99, 6, 7, 8], [99, 99, 99, 3, 4, 99, 6, 99, 8]], 4]
[[[99, 99, 99, 99, 4, 99, 6, 7, 8], [99, 99, 99, 99, 4, 99, 6, 7, 8], [99, 99, 99, 99, 4, 99, 6, 7, 8], [99, 99, 99, 3, 99, 5, 6, 99, 8], [99, 99, 99, 3, 99, 5, 6, 99, 8], [99, 1, 99, 99, 99, 99, 6, 7, 8], [99, 1, 99, 99, 99, 5, 99, 7, 8]], 10]
[[[99, 99, 99, 99, 4, 99, 6, 7, 8], [99, 99, 99, 99, 4, 99, 6, 7, 8], [99, 99, 99, 3, 99, 99, 6, 7, 8], [99, 99, 99, 99, 4, 5, 6, 99, 8], [99, 99, 99, 99, 4, 5, 6, 99, 8], [99, 1, 99, 99, 99, 99, 6, 7, 8], [99, 1, 99, 99, 4, 99, 99, 7, 8]], 4]
[[[99, 99, 99, 99, 4, 99, 6, 7, 8], [99, 99, 99, 99, 4, 99, 6, 7, 8], [99, 99, 99, 3, 99, 99, 6, 7, 8], [99, 99, 99, 99, 4, 5, 6, 99, 8], [99, 99, 99, 99, 4, 5, 6, 99, 8], [99, 1, 99, 99, 99, 5, 99, 7, 8], [99, 1, 99, 99, 99, 5, 99, 7, 8]], 6]
[[[99, 99, 99, 99, 4, 99, 6, 7, 8], [99, 99, 99, 99, 4, 99, 6, 7, 8], [99, 99, 99, 99, 4, 5, 99, 7, 8], [99, 99, 99, 99, 4, 5, 6, 99, 8], [99, 99, 99, 99, 4, 5, 6, 99, 8], [99, 1, 99, 99, 99, 5, 99, 7, 8], [99, 1, 99, 99, 99, 5, 99, 7, 8]], 4]
[[[99, 99, 99, 99, 4, 99, 6, 7, 8], [99, 99, 99, 99, 4, 99, 6, 7, 8], [99, 99, 99, 3, 99, 99, 6, 7, 8], [99, 99, 99, 99, 4, 5, 6, 99, 8], [99, 1, 99, 99, 99, 99, 6, 7, 8], [99, 1, 99, 99, 99, 99, 6, 7, 8], [99, 99, 2, 99, 99, 5, 6, 99, 8]], 4]
[[[99, 99, 99, 99, 4, 99, 6, 7, 8], [99, 99, 99, 99, 4, 99, 6, 7, 8], [99, 99, 99, 3, 99, 99, 6, 7, 8], [99, 99, 99, 99, 4, 5, 6, 99, 8], [99, 99, 99, 3, 99, 5, 6, 99, 8], [99, 1, 99, 99, 99, 99, 6, 7, 8], [99, 1, 99, 99, 99, 5, 99, 7, 8]], 6]
[[[99, 99, 99, 99, 4, 99, 6, 7, 8], [99, 99, 99, 99, 4, 99, 6, 7, 8], [99, 99, 99, 99, 4, 5, 99, 7, 8], [99, 99, 99, 99, 4, 5, 6, 99, 8], [99, 99, 99, 3, 99, 5, 6, 99, 8], [99, 1, 99, 99, 99, 99, 6, 7, 8], [99, 1, 99, 99, 99, 5, 99, 7, 8]], 4]
[[[99, 99, 99, 99, 4, 99, 6, 7, 8], [99, 99, 99, 99, 4, 99, 6, 7, 8], [99, 99, 99, 3, 99, 99, 6, 7, 8], [99, 99, 99, 3, 99, 5, 6, 99, 8], [99, 99, 99, 3, 99, 5, 6, 99, 8], [99, 1, 99, 99, 99, 99, 6, 7, 8], [99, 1, 99, 99, 99, 99, 6, 7, 8]], 6]
[[[99, 99, 99, 99, 4, 99, 6, 7, 8], [99, 99, 99, 99, 4, 99, 6, 7, 8], [99, 99, 99, 99, 4, 5, 99, 7, 8], [99, 99, 99, 3, 99, 5, 6, 99, 8], [99, 99, 99, 3, 99, 5, 6, 99, 8], [99, 1, 99, 99, 99, 99, 6, 7, 8], [99, 1, 99, 99, 99, 99, 6, 7, 8]], 4]
[[[99, 99, 99, 99, 4, 99, 6, 7, 8], [99, 99, 99, 99, 4, 99, 6, 7, 8], [99, 99, 99, 99, 4, 5, 6, 99, 8], [99, 99, 99, 99, 4, 5, 6, 99, 8], [99, 99, 2, 99, 99, 99, 6, 7, 8], [99, 99, 99, 3, 99, 5, 6, 99, 8], [99, 1, 99, 99, 99, 5, 99, 7, 8]], 6]
[[[99, 99, 99, 99, 4, 99, 6, 7, 8], [99, 99, 99, 99, 4, 99, 6, 7, 8], [99, 99, 99, 99, 4, 5, 6, 99, 8], [99, 99, 99, 99, 4, 5, 6, 99, 8], [99, 99, 99, 3, 99, 5, 99, 7, 8], [99, 1, 99, 99, 99, 99, 6, 7, 8], [99, 1, 99, 99, 99, 5, 99, 7, 8]], 4]
[[[99, 99, 99, 99, 4, 99, 6, 7, 8], [99, 99, 99, 99, 4, 99, 6, 7, 8], [99, 99, 99, 99, 4, 5, 6, 99, 8], [99, 99, 99, 99, 4, 5, 6, 99, 8], [99, 99, 99, 99, 4, 5, 6, 99, 8], [99, 99, 2, 99, 99, 5, 99, 7, 8], [99, 1, 99, 99, 99, 5, 99, 7, 8]], 6]
[[[99, 99, 99, 99, 4, 99, 6, 7, 8], [99, 99, 99, 99, 4, 99, 6, 7, 8], [99, 99, 99, 99, 4, 5, 6, 99, 8], [99, 99, 2, 99, 99, 99, 6, 7, 8], [99, 99, 99, 3, 99, 5, 6, 99, 8], [99, 99, 99, 3, 99, 5, 6, 99, 8], [99, 1, 99, 99, 99, 99, 6, 7, 8]], 6]
[[[99, 99, 99, 99, 4, 99, 6, 7, 8], [99, 99, 99, 99, 4, 99, 6, 7, 8], [99, 99, 99, 99, 4, 5, 6, 99, 8], [99, 99, 99, 3, 99, 5, 99, 7, 8], [99, 99, 99, 3, 99, 5, 6, 99, 8], [99, 1, 99, 99, 99, 99, 6, 7, 8], [99, 1, 99, 99, 99, 99, 6, 7, 8]], 4]
[[[99, 99, 99, 99, 4, 99, 6, 7, 8], [99, 99, 99, 99, 4, 99, 6, 7, 8], [99, 99, 99, 99, 4, 5, 6, 99, 8], [99, 99, 99, 99, 4, 5, 6, 99, 8], [99, 99, 99, 3, 4, 99, 99, 7, 8], [99, 99, 99, 3, 4, 99, 99, 7, 8], [99, 1, 99, 99, 99, 99, 6, 7, 8]], 6]
[[[99, 99, 99, 99, 4, 99, 6, 7, 8], [99, 99, 99, 99, 4, 99, 6, 7, 8], [99, 99, 99, 99, 4, 5, 6, 99, 8], [99, 99, 99, 99, 4, 5, 6, 99, 8], [99, 99, 99, 3, 99, 5, 6, 99, 8], [99, 99, 2, 99, 99, 5, 99, 7, 8], [99, 1, 99, 99, 99, 99, 6, 7, 8]], 6]
[[[99, 99, 99, 99, 4, 99, 6, 7, 8], [99, 99, 99, 99, 4, 5, 99, 7, 8], [99, 99, 99, 99, 4, 5, 99, 7, 8], [99, 99, 99, 99, 4, 5, 99, 7, 8], [99, 99, 99, 99, 4, 5, 99, 7, 8], [99, 99, 2, 99, 99, 99, 6, 7, 8], [99, 1, 2, 99, 99, 99, 99, 7, 8]], 6]
[[[99, 99, 99, 99, 4, 99, 6, 7, 8], [99, 99, 99, 3, 99, 99, 6, 7, 8], [99, 99, 99, 3, 99, 99, 6, 7, 8], [99, 99, 99, 99, 4, 5, 6, 99, 8], [99, 99, 99, 99, 4, 5, 6, 99, 8], [99, 1, 99, 99, 99, 99, 6, 7, 8], [99, 1, 99, 99, 99, 5, 99, 7, 8]], 4]
[[[99, 99, 99, 99, 4, 99, 6, 7, 8], [99, 99, 99, 3, 99, 99, 6, 7, 8], [99, 99, 99, 3, 99, 99, 6, 7, 8], [99, 99, 99, 99, 4, 5, 6, 99, 8], [99, 99, 99, 3, 99, 5, 6, 99, 8], [99, 1, 99, 99, 99, 99, 6, 7, 8], [99, 1, 99, 99, 99, 99, 6, 7, 8]], 4]
[[[99, 99, 99, 99, 4, 99, 6, 7, 8], [99, 99, 99, 99, 4, 5, 6, 99, 8], [99, 99, 99, 99, 4, 5, 6, 99, 8], [99, 99, 99, 99, 4, 5, 6, 99, 8], [99, 99, 99, 99, 4, 5, 6, 99, 8], [99, 99, 2, 99, 99, 99, 6, 7, 8], [99, 99, 99, 3, 4, 99, 99, 7, 8]], 6]
[[[99, 99, 99, 99, 4, 5, 99, 7, 8], [99, 99, 99, 99, 4, 5, 99, 7, 8], [99, 99, 99, 99, 4, 5, 99, 7, 8], [99, 99, 99, 99, 4, 5, 99, 7, 8], [99, 99, 99, 99, 4, 5, 99, 7, 8], [99, 99, 99, 3, 99, 99, 6, 7, 8], [99, 1, 2, 99, 99, 99, 99, 7, 8]], 10]
[[[99, 99, 99, 3, 99, 99, 6, 7, 8], [99, 99, 99, 99, 4, 5, 6, 99, 8], [99, 99, 99, 99, 4, 5, 6, 99, 8], [99, 99, 99, 99, 4, 5, 6, 99, 8], [99, 99, 99, 99, 4, 5, 6, 99, 8], [99, 99, 99, 99, 4, 5, 6, 99, 8], [99, 99, 99, 99, 4, 5, 6, 99, 8]], 10]
[[[99, 99, 99, 99, 4, 5, 99, 7, 8], [99, 99, 99, 99, 4, 5, 6, 99, 8], [99, 99, 99, 99, 4, 5, 6, 99, 8], [99, 99, 99, 99, 4, 5, 6, 99, 8], [99, 99, 99, 99, 4, 5, 6, 99, 8], [99, 99, 99, 99, 4, 5, 6, 99, 8], [99, 99, 2, 99, 99, 99, 6, 7, 8]], 10]
[[[99, 99, 99, 99, 4, 99, 6, 7, 8], [99, 99, 99, 99, 4, 99, 6, 7, 8], [99, 99, 99, 99, 4, 99, 6, 7, 8], [99, 99, 99, 99, 4, 99, 6, 7, 8], [99, 99, 99, 99, 4, 99, 6, 7, 8], [99, 99, 99, 99, 4, 99, 6, 7, 8], [99, 99, 99, 3, 99, 99, 6, 7, 8], [99, 1, 2, 3, 99, 99, 99, 99, 8]], 20]
[[[99, 99, 99, 99, 4, 99, 6, 7, 8], [99, 99, 99, 99, 4, 99, 6, 7, 8], [99, 99, 99, 99, 4, 99, 6, 7, 8], [99, 99, 99, 99, 4, 99, 6, 7, 8], [99, 99, 99, 99, 4, 99, 6, 7, 8], [99, 99, 99, 99, 4, 99, 6, 7, 8], [99, 99, 99, 99, 4, 5, 99, 7, 8], [99, 1, 2, 3, 99, 99, 99, 99, 8]], 15]
[[[99, 99, 99, 99, 4, 99, 6, 7, 8], [99, 99, 99, 99, 4, 99, 6, 7, 8], [99, 99, 99, 99, 4, 99, 6, 7, 8], [99, 99, 99, 99, 4, 99, 6, 7, 8], [99, 99, 99, 99, 4, 99, 6, 7, 8], [99, 99, 99, 99, 4, 99, 6, 7, 8], [99, 1, 99, 99, 99, 99, 6, 7, 8], [99, 1, 2, 99, 99, 5, 99, 99, 8]], 36]
[[[99, 99, 99, 99, 4, 99, 6, 7, 8], [99, 99, 99, 99, 4, 99, 6, 7, 8], [99, 99, 99, 99, 4, 99, 6, 7, 8], [99, 99, 99, 99, 4, 99, 6, 7, 8], [99, 99, 99, 99, 4, 99, 6, 7, 8], [99, 99, 99, 99, 4, 99, 6, 7, 8], [99, 1, 99, 3, 99, 99, 99, 7, 8], [99, 1, 99, 3, 99, 99, 99, 7, 8]], 80]
[[[99, 99, 99, 99, 4, 99, 6, 7, 8], [99, 99, 99, 99, 4, 99, 6, 7, 8], [99, 99, 99, 99, 4, 99, 6, 7, 8], [99, 99, 99, 99, 4, 99, 6, 7, 8], [99, 99, 99, 99, 4, 5, 6, 99, 8], [99, 99, 99, 99, 4, 5, 6, 99, 8], [99, 99, 99, 99, 4, 5, 6, 99, 8], [99, 1, 99, 3, 99, 99, 99, 7, 8]], 4]
[[[99, 99, 99, 99, 4, 99, 6, 7, 8], [99, 99, 99, 99, 4, 99, 6, 7, 8], [99, 99, 99, 99, 4, 99, 6, 7, 8], [99, 99, 99, 99, 4, 99, 6, 7, 8], [99, 99, 99, 99, 4, 5, 6, 99, 8], [99, 99, 2, 99, 99, 99, 6, 7, 8], [99, 1, 99, 99, 99, 99, 6, 7, 8], [99, 99, 99, 3, 4, 5, 99, 99, 8]], 4]
[[[99, 99, 99, 99, 4, 99, 6, 7, 8], [99, 99, 99, 99, 4, 99, 6, 7, 8], [99, 99, 99, 99, 4, 99, 6, 7, 8], [99, 99, 99, 99, 4, 99, 6, 7, 8], [99, 99, 99, 99, 4, 5, 6, 99, 8], [99, 99, 99, 99, 4, 5, 6, 99, 8], [99, 1, 99, 99, 99, 99, 6, 7, 8], [99, 1, 99, 99, 4, 99, 99, 7, 8]], 6]
[[[99, 99, 99, 99, 4, 99, 6, 7, 8], [99, 99, 99, 99, 4, 99, 6, 7, 8], [99, 99, 99, 99, 4, 99, 6, 7, 8], [99, 99, 99, 99, 4, 99, 6, 7, 8], [99, 99, 99, 99, 4, 5, 6, 99, 8], [99, 99, 99, 99, 4, 5, 6, 99, 8], [99, 1, 99, 99, 99, 99, 6, 7, 8], [99, 1, 99, 99, 99, 5, 6, 99, 8]], 4]
[[[99, 99, 99, 99, 4, 99, 6, 7, 8], [99, 99, 99, 99, 4, 99, 6, 7, 8], [99, 99, 99, 99, 4, 99, 6, 7, 8], [99, 99, 99, 99, 4, 99, 6, 7, 8], [99, 99, 99, 99, 4, 5, 6, 99, 8], [99, 99, 99, 99, 4, 5, 6, 99, 8], [99, 1, 99, 99, 99, 5, 99, 7, 8], [99, 1, 99, 99, 99, 5, 99, 7, 8]], 10]
[[[99, 99, 99, 99, 4, 99, 6, 7, 8], [99, 99, 99, 99, 4, 99, 6, 7, 8], [99, 99, 99, 99, 4, 99, 6, 7, 8], [99, 99, 99, 99, 4, 99, 6, 7, 8], [99, 99, 99, 99, 4, 5, 6, 99, 8], [99, 1, 99, 99, 99, 99, 6, 7, 8], [99, 1, 99, 99, 99, 99, 6, 7, 8], [99, 99, 2, 99, 99, 5, 6, 99, 8]], 6]
[[[99, 99, 99, 99, 4, 99, 6, 7, 8], [99, 99, 99, 99, 4, 99, 6, 7, 8], [99, 99, 99, 99, 4, 99, 6, 7, 8], [99, 99, 99, 99, 4, 99, 6, 7, 8], [99, 99, 99, 99, 4, 5, 6, 99, 8], [99, 1, 99, 99, 99, 99, 6, 7, 8], [99, 1, 99, 99, 99, 99, 6, 7, 8], [99, 99, 99, 3, 4, 99, 6, 99, 8]], 4]
[[[99, 99, 99, 99, 4, 99, 6, 7, 8], [99, 99, 99, 99, 4, 99, 6, 7, 8], [99, 99, 99, 99, 4, 99, 6, 7, 8], [99, 99, 99, 99, 4, 99, 6, 7, 8], [99, 99, 99, 99, 4, 5, 6, 99, 8], [99, 99, 99, 3, 99, 5, 6, 99, 8], [99, 1, 99, 99, 99, 99, 6, 7, 8], [99, 1, 99, 99, 99, 5, 99, 7, 8]], 10]
[[[99, 99, 99, 99, 4, 99, 6, 7, 8], [99, 99, 99, 99, 4, 99, 6, 7, 8], [99, 99, 99, 99, 4, 99, 6, 7, 8], [99, 99, 99, 99, 4, 99, 6, 7, 8], [99, 99, 99, 3, 99, 5, 6, 99, 8], [99, 99, 99, 3, 99, 5, 6, 99, 8], [99, 1, 99, 99, 99, 99, 6, 7, 8], [99, 1, 99, 99, 99, 99, 6, 7, 8]], 10]
[[[99, 99, 99, 99, 4, 99, 6, 7, 8], [99, 99, 99, 99, 4, 99, 6, 7, 8], [99, 99, 99, 99, 4, 99, 6, 7, 8], [99, 99, 99, 3, 99, 99, 6, 7, 8], [99, 99, 99, 99, 4, 5, 6, 99, 8], [99, 99, 99, 99, 4, 5, 6, 99, 8], [99, 1, 99, 99, 99, 99, 6, 7, 8], [99, 1, 99, 99, 99, 5, 99, 7, 8]], 6]
[[[99, 99, 99, 99, 4, 99, 6, 7, 8], [99, 99, 99, 99, 4, 99, 6, 7, 8], [99, 99, 99, 99, 4, 99, 6, 7, 8], [99, 99, 99, 99, 4, 5, 99, 7, 8], [99, 99, 99, 99, 4, 5, 6, 99, 8], [99, 99, 99, 99, 4, 5, 6, 99, 8], [99, 1, 99, 99, 99, 99, 6, 7, 8], [99, 1, 99, 99, 99, 5, 99, 7, 8]], 4]
[[[99, 99, 99, 99, 4, 99, 6, 7, 8], [99, 99, 99, 99, 4, 99, 6, 7, 8], [99, 99, 99, 99, 4, 99, 6, 7, 8], [99, 99, 99, 3, 99, 99, 6, 7, 8], [99, 99, 99, 99, 4, 5, 6, 99, 8], [99, 99, 99, 3, 99, 5, 6, 99, 8], [99, 1, 99, 99, 99, 99, 6, 7, 8], [99, 1, 99, 99, 99, 99, 6, 7, 8]], 6]
[[[99, 99, 99, 99, 4, 99, 6, 7, 8], [99, 99, 99, 99, 4, 99, 6, 7, 8], [99, 99, 99, 99, 4, 99, 6, 7, 8], [99, 99, 99, 99, 4, 5, 99, 7, 8], [99, 99, 99, 99, 4, 5, 6, 99, 8], [99, 99, 99, 3, 99, 5, 6, 99, 8], [99, 1, 99, 99, 99, 99, 6, 7, 8], [99, 1, 99, 99, 99, 99, 6, 7, 8]], 4]
[[[99, 99, 99, 99, 4, 99, 6, 7, 8], [99, 99, 99, 99, 4, 99, 6, 7, 8], [99, 99, 99, 99, 4, 99, 6, 7, 8], [99, 99, 99, 99, 4, 5, 6, 99, 8], [99, 99, 99, 99, 4, 5, 6, 99, 8], [99, 99, 99, 99, 4, 5, 6, 99, 8], [99, 99, 2, 99, 99, 99, 6, 7, 8], [99, 1, 99, 99, 99, 5, 99, 7, 8]], 6]
[[[99, 99, 99, 99, 4, 99, 6, 7, 8], [99, 99, 99, 99, 4, 99, 6, 7, 8], [99, 99, 99, 99, 4, 99, 6, 7, 8], [99, 99, 99, 99, 4, 5, 6, 99, 8], [99, 99, 99, 99, 4, 5, 6, 99, 8], [99, 99, 2, 99, 99, 99, 6, 7, 8], [99, 99, 99, 3, 99, 5, 6, 99, 8], [99, 1, 99, 99, 99, 99, 6, 7, 8]], 6]
[[[99, 99, 99, 99, 4, 99, 6, 7, 8], [99, 99, 99, 99, 4, 99, 6, 7, 8], [99, 99, 99, 99, 4, 99, 6, 7, 8], [99, 99, 99, 99, 4, 5, 6, 99, 8], [99, 99, 99, 99, 4, 5, 6, 99, 8], [99, 99, 99, 3, 99, 5, 99, 7, 8], [99, 1, 99, 99, 99, 99, 6, 7, 8], [99, 1, 99, 99, 99, 99, 6, 7, 8]], 4]
[[[99, 99, 99, 99, 4, 99, 6, 7, 8], [99, 99, 99, 99, 4, 99, 6, 7, 8], [99, 99, 99, 99, 4, 99, 6, 7, 8], [99, 99, 99, 99, 4, 5, 6, 99, 8], [99, 99, 99, 99, 4, 5, 6, 99, 8], [99, 99, 99, 99, 4, 5, 6, 99, 8], [99, 99, 2, 99, 99, 5, 99, 7, 8], [99, 1, 99, 99, 99, 99, 6, 7, 8]], 6]
[[[99, 99, 99, 99, 4, 99, 6, 7, 8], [99, 99, 99, 99, 4, 99, 6, 7, 8], [99, 99, 99, 3, 99, 99, 6, 7, 8], [99, 99, 99, 3, 99, 99, 6, 7, 8], [99, 99, 99, 99, 4, 5, 6, 99, 8], [99, 99, 99, 99, 4, 5, 6, 99, 8], [99, 1, 99, 99, 99, 99, 6, 7, 8], [99, 1, 99, 99, 99, 99, 6, 7, 8]], 4]
[[[99, 99, 99, 99, 4, 99, 6, 7, 8], [99, 99, 99, 99, 4, 99, 6, 7, 8], [99, 99, 99, 99, 4, 99, 6, 7, 8], [99, 99, 99, 99, 4, 99, 6, 7, 8], [99, 99, 99, 99, 4, 99, 6, 7, 8], [99, 99, 99, 99, 4, 99, 6, 7, 8], [99, 99, 99, 99, 4, 99, 6, 7, 8], [99, 99, 99, 99, 4, 99, 6, 7, 8], [99, 1, 2, 3, 99, 99, 99, 99, 8]], 35]
[[[99, 99, 99, 99, 4, 99, 6, 7, 8], [99, 99, 99, 99, 4, 99, 6, 7, 8], [99, 99, 99, 99, 4, 99, 6, 7, 8], [99, 99, 99, 99, 4, 99, 6, 7, 8], [99, 99, 99, 99, 4, 99, 6, 7, 8], [99, 99, 99, 99, 4, 5, 6, 99, 8], [99, 99, 99, 99, 4, 5, 6, 99, 8], [99, 1, 99, 99, 99, 99, 6, 7, 8], [99, 1, 99, 99, 99, 5, 99, 7, 8]], 10]
[[[99, 99, 99, 99, 4, 99, 6, 7, 8], [99, 99, 99, 99, 4, 99, 6, 7, 8], [99, 99, 99, 99, 4, 99, 6, 7, 8], [99, 99, 99, 99, 4, 99, 6, 7, 8], [99, 99, 99, 99, 4, 99, 6, 7, 8], [99, 99, 99, 99, 4, 5, 6, 99, 8], [99, 99, 99, 3, 99, 5, 6, 99, 8], [99, 1, 99, 99, 99, 99, 6, 7, 8], [99, 1, 99, 99, 99, 99, 6, 7, 8]], 10]
[[[99, 99, 99, 99, 4, 99, 6, 7, 8], [99, 99, 99, 99, 4, 99, 6, 7, 8], [99, 99, 99, 99, 4, 99, 6, 7, 8], [99, 99, 99, 99, 4, 99, 6, 7, 8], [99, 99, 99, 3, 99, 99, 6, 7, 8], [99, 99, 99, 99, 4, 5, 6, 99, 8], [99, 99, 99, 99, 4, 5, 6, 99, 8], [99, 1, 99, 99, 99, 99, 6, 7, 8], [99, 1, 99, 99, 99, 99, 6, 7, 8]], 6]
[[[99, 99, 99, 99, 4, 99, 6, 7, 8], [99, 99, 99, 99, 4, 99, 6, 7, 8], [99, 99, 99, 99, 4, 99, 6, 7, 8], [99, 99, 99, 99, 4, 99, 6, 7, 8], [99, 99, 99, 99, 4, 5, 99, 7, 8], [99, 99, 99, 99, 4, 5, 6, 99, 8], [99, 99, 99, 99, 4, 5, 6, 99, 8], [99, 1, 99, 99, 99, 99, 6, 7, 8], [99, 1, 99, 99, 99, 99, 6, 7, 8]], 4]
[[[99, 99, 99, 99, 4, 99, 6, 7, 8], [99, 99, 99, 99, 4, 99, 6, 7, 8], [99, 99, 99, 99, 4, 99, 6, 7, 8], [99, 99, 99, 99, 4, 99, 6, 7, 8], [99, 99, 99, 99, 4, 5, 6, 99, 8], [99, 99, 99, 99, 4, 5, 6, 99, 8], [99, 99, 99, 99, 4, 5, 6, 99, 8], [99, 99, 2, 99, 99, 99, 6, 7, 8], [99, 1, 99, 99, 99, 99, 6, 7, 8]], 6]
[[[99, 99, 99, 99, 4, 99, 6, 7, 8], [99, 99, 99, 99, 4, 99, 6, 7, 8], [99, 99, 99, 99, 4, 99, 6, 7, 8], [99, 99, 99, 99, 4, 99, 6, 7, 8], [99, 99, 99, 99, 4, 99, 6, 7, 8], [99, 99, 99, 99, 4, 99, 6, 7, 8], [99, 99, 99, 99, 4, 99, 6, 7, 8], [99, 99, 99, 99, 4, 99, 6, 7, 8], [99, 99, 2, 3, 99, 99, 99, 7, 8], [99, 99, 2, 3, 99, 99, 99, 7, 8]], 280]
[[[99, 99, 99, 99, 4, 99, 6, 7, 8], [99, 99, 99, 99, 4, 99, 6, 7, 8], [99, 99, 99, 99, 4, 99, 6, 7, 8], [99, 99, 99, 99, 4, 99, 6, 7, 8], [99, 99, 99, 99, 4, 99, 6, 7, 8], [99, 99, 99, 99, 4, 99, 6, 7, 8], [99, 99, 99, 99, 4, 5, 6, 99, 8], [99, 99, 99, 99, 4, 5, 6, 99, 8], [99, 1, 99, 99, 99, 99, 6, 7, 8], [99, 1, 99, 99, 99, 99, 6, 7, 8]], 10]
[[[99, 99, 99, 99, 4, 99, 6, 7, 8], [99, 99, 99, 99, 4, 99, 6, 7, 8], [99, 99, 99, 99, 4, 99, 6, 7, 8], [99, 99, 99, 99, 4, 99, 6, 7, 8], [99, 99, 99, 99, 4, 99, 6, 7, 8], [99, 99, 99, 99, 4, 99, 6, 7, 8], [99, 99, 99, 99, 4, 99, 6, 7, 8], [99, 99, 99, 99, 4, 99, 6, 7, 8], [99, 99, 99, 99, 4, 99, 6, 7, 8], [99, 99, 99, 99, 4, 99, 6, 7, 8], [99, 1, 99, 99, 99, 99, 6, 7, 8], [99, 99, 99, 3, 4, 5, 99, 99, 8]], 420]
